    -2.143987488E+02      0.000000000E+00
     4.253906250E+00      0.000000000E+00
     2.051448426E+02      0.000000000E+00
    -2.051448426E+02      0.000000000E+00
    -2.051448426E+02      0.000000000E+00
     0.000000000E+00      0.000000000E+00
     2.051448426E+02      0.000000000E+00
     0.000000000E+00      0.000000000E+00
     5.000000000E+00      0.000000000E+00
     0.000000000E+00      0.000000000E+00
     0.000000000E+00      0.000000000E+00
     0.000000000E+00      0.000000000E+00
     0.000000000E+00      0.000000000E+00
     0.000000000E+00      0.000000000E+00
     0.000000000E+00      0.000000000E+00
     0.000000000E+00      0.000000000E+00
     0.000000000E+00      0.000000000E+00
     0.000000000E+00      0.000000000E+00
     0.000000000E+00      0.000000000E+00
     0.000000000E+00      0.000000000E+00
     0.000000000E+00      0.000000000E+00
     0.000000000E+00      0.000000000E+00
     0.000000000E+00      0.000000000E+00
     0.000000000E+00      0.000000000E+00
     0.000000000E+00      0.000000000E+00
     0.000000000E+00      0.000000000E+00
     0.000000000E+00      0.000000000E+00
     0.000000000E+00      0.000000000E+00
     0.000000000E+00      0.000000000E+00
     0.000000000E+00      0.000000000E+00
     0.000000000E+00      0.000000000E+00
     0.000000000E+00      0.000000000E+00
     0.000000000E+00      0.000000000E+00
     0.000000000E+00      0.000000000E+00
     0.000000000E+00      0.000000000E+00
     0.000000000E+00      0.000000000E+00
     0.000000000E+00      0.000000000E+00
     0.000000000E+00      0.000000000E+00
     0.000000000E+00      0.000000000E+00
     0.000000000E+00      0.000000000E+00
     4.253906250E+00      0.000000000E+00
    -2.143987488E+02      0.000000000E+00
     2.051448426E+02      0.000000000E+00
     0.000000000E+00      0.000000000E+00
     0.000000000E+00      0.000000000E+00
    -2.051448426E+02      0.000000000E+00
     2.051448426E+02      0.000000000E+00
    -2.051448426E+02      0.000000000E+00
     0.000000000E+00      0.000000000E+00
     5.000000000E+00      0.000000000E+00
     0.000000000E+00      0.000000000E+00
     0.000000000E+00      0.000000000E+00
     0.000000000E+00      0.000000000E+00
     0.000000000E+00      0.000000000E+00
     0.000000000E+00      0.000000000E+00
     0.000000000E+00      0.000000000E+00
     0.000000000E+00      0.000000000E+00
     0.000000000E+00      0.000000000E+00
     0.000000000E+00      0.000000000E+00
     0.000000000E+00      0.000000000E+00
     0.000000000E+00      0.000000000E+00
     0.000000000E+00      0.000000000E+00
     0.000000000E+00      0.000000000E+00
     0.000000000E+00      0.000000000E+00
     0.000000000E+00      0.000000000E+00
     0.000000000E+00      0.000000000E+00
     0.000000000E+00      0.000000000E+00
     0.000000000E+00      0.000000000E+00
     0.000000000E+00      0.000000000E+00
     0.000000000E+00      0.000000000E+00
     0.000000000E+00      0.000000000E+00
     0.000000000E+00      0.000000000E+00
     0.000000000E+00      0.000000000E+00
     0.000000000E+00      0.000000000E+00
     0.000000000E+00      0.000000000E+00
     0.000000000E+00      0.000000000E+00
     0.000000000E+00      0.000000000E+00
     0.000000000E+00      0.000000000E+00
     0.000000000E+00      0.000000000E+00
     0.000000000E+00      0.000000000E+00
     7.446387386E+05      0.000000000E+00
     7.446387386E+05      0.000000000E+00
    -1.489282477E+06      0.000000000E+00
     2.051448426E+02      0.000000000E+00
     2.051448426E+02      0.000000000E+00
     2.051448426E+02      0.000000000E+00
    -4.102896852E+02      0.000000000E+00
     2.051448426E+02      0.000000000E+00
     0.000000000E+00      0.000000000E+00
     0.000000000E+00      0.000000000E+00
     5.000000000E+00      0.000000000E+00
     0.000000000E+00      0.000000000E+00
     0.000000000E+00      0.000000000E+00
     0.000000000E+00      0.000000000E+00
     0.000000000E+00      0.000000000E+00
     0.000000000E+00      0.000000000E+00
     0.000000000E+00      0.000000000E+00
     0.000000000E+00      0.000000000E+00
     0.000000000E+00      0.000000000E+00
     0.000000000E+00      0.000000000E+00
     0.000000000E+00      0.000000000E+00
     0.000000000E+00      0.000000000E+00
     0.000000000E+00      0.000000000E+00
     0.000000000E+00      0.000000000E+00
     0.000000000E+00      0.000000000E+00
     0.000000000E+00      0.000000000E+00
     0.000000000E+00      0.000000000E+00
     0.000000000E+00      0.000000000E+00
     0.000000000E+00      0.000000000E+00
     0.000000000E+00      0.000000000E+00
     0.000000000E+00      0.000000000E+00
     0.000000000E+00      0.000000000E+00
     0.000000000E+00      0.000000000E+00
     0.000000000E+00      0.000000000E+00
     0.000000000E+00      0.000000000E+00
     0.000000000E+00      0.000000000E+00
     0.000000000E+00      0.000000000E+00
     0.000000000E+00      0.000000000E+00
     0.000000000E+00      0.000000000E+00
     0.000000000E+00      0.000000000E+00
    -2.051448426E+02      0.000000000E+00
    -2.051448426E+02      0.000000000E+00
     4.102896852E+02      0.000000000E+00
    -4.214054063E+02      0.000000000E+00
    -2.051448426E+02      0.000000000E+00
    -2.051448426E+02      0.000000000E+00
     4.102896852E+02      0.000000000E+00
     0.000000000E+00      0.000000000E+00
     0.000000000E+00      0.000000000E+00
     0.000000000E+00      0.000000000E+00
     0.000000000E+00      0.000000000E+00
     5.000000000E+00      0.000000000E+00
     0.000000000E+00      0.000000000E+00
     0.000000000E+00      0.000000000E+00
     0.000000000E+00      0.000000000E+00
     0.000000000E+00      0.000000000E+00
     0.000000000E+00      0.000000000E+00
     0.000000000E+00      0.000000000E+00
     0.000000000E+00      0.000000000E+00
     0.000000000E+00      0.000000000E+00
     0.000000000E+00      0.000000000E+00
     0.000000000E+00      0.000000000E+00
     0.000000000E+00      0.000000000E+00
     0.000000000E+00      0.000000000E+00
     0.000000000E+00      0.000000000E+00
     0.000000000E+00      0.000000000E+00
     0.000000000E+00      0.000000000E+00
     0.000000000E+00      0.000000000E+00
     0.000000000E+00      0.000000000E+00
     0.000000000E+00      0.000000000E+00
     0.000000000E+00      0.000000000E+00
     0.000000000E+00      0.000000000E+00
     0.000000000E+00      0.000000000E+00
     0.000000000E+00      0.000000000E+00
     0.000000000E+00      0.000000000E+00
     0.000000000E+00      0.000000000E+00
     0.000000000E+00      0.000000000E+00
     0.000000000E+00      0.000000000E+00
     0.000000000E+00      0.000000000E+00
     0.000000000E+00      0.000000000E+00
    -2.051448426E+02      0.000000000E+00
     0.000000000E+00      0.000000000E+00
     2.051448426E+02      0.000000000E+00
     0.000000000E+00      0.000000000E+00
    -2.143987488E+02      0.000000000E+00
     4.253906250E+00      0.000000000E+00
     2.051448426E+02      0.000000000E+00
    -2.051448426E+02      0.000000000E+00
     0.000000000E+00      0.000000000E+00
     0.000000000E+00      0.000000000E+00
     0.000000000E+00      0.000000000E+00
     0.000000000E+00      0.000000000E+00
     5.000000000E+00      0.000000000E+00
     0.000000000E+00      0.000000000E+00
     0.000000000E+00      0.000000000E+00
     0.000000000E+00      0.000000000E+00
     0.000000000E+00      0.000000000E+00
     0.000000000E+00      0.000000000E+00
     0.000000000E+00      0.000000000E+00
     0.000000000E+00      0.000000000E+00
     0.000000000E+00      0.000000000E+00
     0.000000000E+00      0.000000000E+00
     0.000000000E+00      0.000000000E+00
     0.000000000E+00      0.000000000E+00
     0.000000000E+00      0.000000000E+00
     0.000000000E+00      0.000000000E+00
     0.000000000E+00      0.000000000E+00
     0.000000000E+00      0.000000000E+00
     0.000000000E+00      0.000000000E+00
     0.000000000E+00      0.000000000E+00
     0.000000000E+00      0.000000000E+00
     0.000000000E+00      0.000000000E+00
     0.000000000E+00      0.000000000E+00
     0.000000000E+00      0.000000000E+00
     0.000000000E+00      0.000000000E+00
     0.000000000E+00      0.000000000E+00
     0.000000000E+00      0.000000000E+00
     0.000000000E+00      0.000000000E+00
     0.000000000E+00      0.000000000E+00
     0.000000000E+00      0.000000000E+00
     0.000000000E+00      0.000000000E+00
    -2.051448426E+02      0.000000000E+00
     2.051448426E+02      0.000000000E+00
    -2.051448426E+02      0.000000000E+00
     4.253906250E+00      0.000000000E+00
    -2.143987488E+02      0.000000000E+00
     2.051448426E+02      0.000000000E+00
     0.000000000E+00      0.000000000E+00
     0.000000000E+00      0.000000000E+00
     0.000000000E+00      0.000000000E+00
     0.000000000E+00      0.000000000E+00
     0.000000000E+00      0.000000000E+00
     0.000000000E+00      0.000000000E+00
     5.000000000E+00      0.000000000E+00
     0.000000000E+00      0.000000000E+00
     0.000000000E+00      0.000000000E+00
     0.000000000E+00      0.000000000E+00
     0.000000000E+00      0.000000000E+00
     0.000000000E+00      0.000000000E+00
     0.000000000E+00      0.000000000E+00
     0.000000000E+00      0.000000000E+00
     0.000000000E+00      0.000000000E+00
     0.000000000E+00      0.000000000E+00
     0.000000000E+00      0.000000000E+00
     0.000000000E+00      0.000000000E+00
     0.000000000E+00      0.000000000E+00
     0.000000000E+00      0.000000000E+00
     0.000000000E+00      0.000000000E+00
     0.000000000E+00      0.000000000E+00
     0.000000000E+00      0.000000000E+00
     0.000000000E+00      0.000000000E+00
     0.000000000E+00      0.000000000E+00
     0.000000000E+00      0.000000000E+00
     0.000000000E+00      0.000000000E+00
     0.000000000E+00      0.000000000E+00
     0.000000000E+00      0.000000000E+00
     0.000000000E+00      0.000000000E+00
     0.000000000E+00      0.000000000E+00
     0.000000000E+00      0.000000000E+00
     0.000000000E+00      0.000000000E+00
     2.051448426E+02      0.000000000E+00
     2.051448426E+02      0.000000000E+00
    -4.102896852E+02      0.000000000E+00
     2.051448426E+02      0.000000000E+00
     7.446387386E+05      0.000000000E+00
     7.446387386E+05      0.000000000E+00
    -1.489282477E+06      0.000000000E+00
     2.051448426E+02      0.000000000E+00
     0.000000000E+00      0.000000000E+00
     0.000000000E+00      0.000000000E+00
     0.000000000E+00      0.000000000E+00
     0.000000000E+00      0.000000000E+00
     0.000000000E+00      0.000000000E+00
     0.000000000E+00      0.000000000E+00
     5.000000000E+00      0.000000000E+00
     0.000000000E+00      0.000000000E+00
     0.000000000E+00      0.000000000E+00
     0.000000000E+00      0.000000000E+00
     0.000000000E+00      0.000000000E+00
     0.000000000E+00      0.000000000E+00
     0.000000000E+00      0.000000000E+00
     0.000000000E+00      0.000000000E+00
     0.000000000E+00      0.000000000E+00
     0.000000000E+00      0.000000000E+00
     0.000000000E+00      0.000000000E+00
     0.000000000E+00      0.000000000E+00
     0.000000000E+00      0.000000000E+00
     0.000000000E+00      0.000000000E+00
     0.000000000E+00      0.000000000E+00
     0.000000000E+00      0.000000000E+00
     0.000000000E+00      0.000000000E+00
     0.000000000E+00      0.000000000E+00
     0.000000000E+00      0.000000000E+00
     0.000000000E+00      0.000000000E+00
     0.000000000E+00      0.000000000E+00
     0.000000000E+00      0.000000000E+00
     0.000000000E+00      0.000000000E+00
     0.000000000E+00      0.000000000E+00
     0.000000000E+00      0.000000000E+00
     0.000000000E+00      0.000000000E+00
    -2.051448426E+02      0.000000000E+00
    -2.051448426E+02      0.000000000E+00
     4.102896852E+02      0.000000000E+00
     0.000000000E+00      0.000000000E+00
    -2.051448426E+02      0.000000000E+00
    -2.051448426E+02      0.000000000E+00
     4.102896852E+02      0.000000000E+00
    -4.214054063E+02      0.000000000E+00
     0.000000000E+00      0.000000000E+00
     0.000000000E+00      0.000000000E+00
     0.000000000E+00      0.000000000E+00
     0.000000000E+00      0.000000000E+00
     0.000000000E+00      0.000000000E+00
     0.000000000E+00      0.000000000E+00
     0.000000000E+00      0.000000000E+00
     5.000000000E+00      0.000000000E+00
     0.000000000E+00      0.000000000E+00
     0.000000000E+00      0.000000000E+00
     0.000000000E+00      0.000000000E+00
     0.000000000E+00      0.000000000E+00
     0.000000000E+00      0.000000000E+00
     0.000000000E+00      0.000000000E+00
     0.000000000E+00      0.000000000E+00
     0.000000000E+00      0.000000000E+00
     0.000000000E+00      0.000000000E+00
     0.000000000E+00      0.000000000E+00
     0.000000000E+00      0.000000000E+00
     0.000000000E+00      0.000000000E+00
     0.000000000E+00      0.000000000E+00
     0.000000000E+00      0.000000000E+00
     0.000000000E+00      0.000000000E+00
     0.000000000E+00      0.000000000E+00
     0.000000000E+00      0.000000000E+00
     0.000000000E+00      0.000000000E+00
     0.000000000E+00      0.000000000E+00
     0.000000000E+00      0.000000000E+00
     0.000000000E+00      0.000000000E+00
     0.000000000E+00      0.000000000E+00
     0.000000000E+00      0.000000000E+00
     0.000000000E+00      0.000000000E+00
     5.000000000E+00      0.000000000E+00
     0.000000000E+00      0.000000000E+00
     0.000000000E+00      0.000000000E+00
     0.000000000E+00      0.000000000E+00
     0.000000000E+00      0.000000000E+00
     0.000000000E+00      0.000000000E+00
     0.000000000E+00      0.000000000E+00
     0.000000000E+00      0.000000000E+00
    -8.734887324E+02      0.000000000E+00
     3.403125000E+01      0.000000000E+00
     8.194574824E+02      0.000000000E+00
    -8.194574824E+02      0.000000000E+00
    -8.194574824E+02      0.000000000E+00
     0.000000000E+00      0.000000000E+00
     8.194574824E+02      0.000000000E+00
     0.000000000E+00      0.000000000E+00
     1.500000000E+01      0.000000000E+00
     0.000000000E+00      0.000000000E+00
     0.000000000E+00      0.000000000E+00
     0.000000000E+00      0.000000000E+00
     0.000000000E+00      0.000000000E+00
     0.000000000E+00      0.000000000E+00
     0.000000000E+00      0.000000000E+00
     0.000000000E+00      0.000000000E+00
     0.000000000E+00      0.000000000E+00
     0.000000000E+00      0.000000000E+00
     0.000000000E+00      0.000000000E+00
     0.000000000E+00      0.000000000E+00
     0.000000000E+00      0.000000000E+00
     0.000000000E+00      0.000000000E+00
     0.000000000E+00      0.000000000E+00
     0.000000000E+00      0.000000000E+00
     0.000000000E+00      0.000000000E+00
     0.000000000E+00      0.000000000E+00
     0.000000000E+00      0.000000000E+00
     0.000000000E+00      0.000000000E+00
     0.000000000E+00      0.000000000E+00
     0.000000000E+00      0.000000000E+00
     0.000000000E+00      0.000000000E+00
     0.000000000E+00      0.000000000E+00
     0.000000000E+00      0.000000000E+00
     5.000000000E+00      0.000000000E+00
     0.000000000E+00      0.000000000E+00
     0.000000000E+00      0.000000000E+00
     0.000000000E+00      0.000000000E+00
     0.000000000E+00      0.000000000E+00
     0.000000000E+00      0.000000000E+00
     0.000000000E+00      0.000000000E+00
     3.403125000E+01      0.000000000E+00
    -8.734887324E+02      0.000000000E+00
     8.194574824E+02      0.000000000E+00
     0.000000000E+00      0.000000000E+00
     0.000000000E+00      0.000000000E+00
    -8.194574824E+02      0.000000000E+00
     8.194574824E+02      0.000000000E+00
    -8.194574824E+02      0.000000000E+00
     0.000000000E+00      0.000000000E+00
     1.500000000E+01      0.000000000E+00
     0.000000000E+00      0.000000000E+00
     0.000000000E+00      0.000000000E+00
     0.000000000E+00      0.000000000E+00
     0.000000000E+00      0.000000000E+00
     0.000000000E+00      0.000000000E+00
     0.000000000E+00      0.000000000E+00
     0.000000000E+00      0.000000000E+00
     0.000000000E+00      0.000000000E+00
     0.000000000E+00      0.000000000E+00
     0.000000000E+00      0.000000000E+00
     0.000000000E+00      0.000000000E+00
     0.000000000E+00      0.000000000E+00
     0.000000000E+00      0.000000000E+00
     0.000000000E+00      0.000000000E+00
     0.000000000E+00      0.000000000E+00
     0.000000000E+00      0.000000000E+00
     0.000000000E+00      0.000000000E+00
     0.000000000E+00      0.000000000E+00
     0.000000000E+00      0.000000000E+00
     0.000000000E+00      0.000000000E+00
     0.000000000E+00      0.000000000E+00
     0.000000000E+00      0.000000000E+00
     0.000000000E+00      0.000000000E+00
     0.000000000E+00      0.000000000E+00
     5.000000000E+00      0.000000000E+00
     0.000000000E+00      0.000000000E+00
     0.000000000E+00      0.000000000E+00
     0.000000000E+00      0.000000000E+00
     0.000000000E+00      0.000000000E+00
     0.000000000E+00      0.000000000E+00
     5.956288207E+06      0.000000000E+00
     5.956288207E+06      0.000000000E+00
    -1.191259641E+07      0.000000000E+00
     8.194574824E+02      0.000000000E+00
     8.194574824E+02      0.000000000E+00
     8.194574824E+02      0.000000000E+00
    -1.638914965E+03      0.000000000E+00
     8.194574824E+02      0.000000000E+00
     0.000000000E+00      0.000000000E+00
     0.000000000E+00      0.000000000E+00
     1.500000000E+01      0.000000000E+00
     0.000000000E+00      0.000000000E+00
     0.000000000E+00      0.000000000E+00
     0.000000000E+00      0.000000000E+00
     0.000000000E+00      0.000000000E+00
     0.000000000E+00      0.000000000E+00
     0.000000000E+00      0.000000000E+00
     0.000000000E+00      0.000000000E+00
     0.000000000E+00      0.000000000E+00
     0.000000000E+00      0.000000000E+00
     0.000000000E+00      0.000000000E+00
     0.000000000E+00      0.000000000E+00
     0.000000000E+00      0.000000000E+00
     0.000000000E+00      0.000000000E+00
     0.000000000E+00      0.000000000E+00
     0.000000000E+00      0.000000000E+00
     0.000000000E+00      0.000000000E+00
     0.000000000E+00      0.000000000E+00
     0.000000000E+00      0.000000000E+00
     0.000000000E+00      0.000000000E+00
     0.000000000E+00      0.000000000E+00
     0.000000000E+00      0.000000000E+00
     0.000000000E+00      0.000000000E+00
     0.000000000E+00      0.000000000E+00
     0.000000000E+00      0.000000000E+00
     5.000000000E+00      0.000000000E+00
     0.000000000E+00      0.000000000E+00
     0.000000000E+00      0.000000000E+00
     0.000000000E+00      0.000000000E+00
     0.000000000E+00      0.000000000E+00
    -8.194574824E+02      0.000000000E+00
    -8.194574824E+02      0.000000000E+00
     1.638914965E+03      0.000000000E+00
    -1.707840734E+03      0.000000000E+00
    -8.194574824E+02      0.000000000E+00
    -8.194574824E+02      0.000000000E+00
     1.638914965E+03      0.000000000E+00
     0.000000000E+00      0.000000000E+00
     0.000000000E+00      0.000000000E+00
     0.000000000E+00      0.000000000E+00
     0.000000000E+00      0.000000000E+00
     1.500000000E+01      0.000000000E+00
     0.000000000E+00      0.000000000E+00
     0.000000000E+00      0.000000000E+00
     0.000000000E+00      0.000000000E+00
     0.000000000E+00      0.000000000E+00
     0.000000000E+00      0.000000000E+00
     0.000000000E+00      0.000000000E+00
     0.000000000E+00      0.000000000E+00
     0.000000000E+00      0.000000000E+00
     0.000000000E+00      0.000000000E+00
     0.000000000E+00      0.000000000E+00
     0.000000000E+00      0.000000000E+00
     0.000000000E+00      0.000000000E+00
     0.000000000E+00      0.000000000E+00
     0.000000000E+00      0.000000000E+00
     0.000000000E+00      0.000000000E+00
     0.000000000E+00      0.000000000E+00
     0.000000000E+00      0.000000000E+00
     0.000000000E+00      0.000000000E+00
     0.000000000E+00      0.000000000E+00
     0.000000000E+00      0.000000000E+00
     0.000000000E+00      0.000000000E+00
     0.000000000E+00      0.000000000E+00
     0.000000000E+00      0.000000000E+00
     0.000000000E+00      0.000000000E+00
     5.000000000E+00      0.000000000E+00
     0.000000000E+00      0.000000000E+00
     0.000000000E+00      0.000000000E+00
     0.000000000E+00      0.000000000E+00
    -8.194574824E+02      0.000000000E+00
     0.000000000E+00      0.000000000E+00
     8.194574824E+02      0.000000000E+00
     0.000000000E+00      0.000000000E+00
    -8.734887324E+02      0.000000000E+00
     3.403125000E+01      0.000000000E+00
     8.194574824E+02      0.000000000E+00
    -8.194574824E+02      0.000000000E+00
     0.000000000E+00      0.000000000E+00
     0.000000000E+00      0.000000000E+00
     0.000000000E+00      0.000000000E+00
     0.000000000E+00      0.000000000E+00
     1.500000000E+01      0.000000000E+00
     0.000000000E+00      0.000000000E+00
     0.000000000E+00      0.000000000E+00
     0.000000000E+00      0.000000000E+00
     0.000000000E+00      0.000000000E+00
     0.000000000E+00      0.000000000E+00
     0.000000000E+00      0.000000000E+00
     0.000000000E+00      0.000000000E+00
     0.000000000E+00      0.000000000E+00
     0.000000000E+00      0.000000000E+00
     0.000000000E+00      0.000000000E+00
     0.000000000E+00      0.000000000E+00
     0.000000000E+00      0.000000000E+00
     0.000000000E+00      0.000000000E+00
     0.000000000E+00      0.000000000E+00
     0.000000000E+00      0.000000000E+00
     0.000000000E+00      0.000000000E+00
     0.000000000E+00      0.000000000E+00
     0.000000000E+00      0.000000000E+00
     0.000000000E+00      0.000000000E+00
     0.000000000E+00      0.000000000E+00
     0.000000000E+00      0.000000000E+00
     0.000000000E+00      0.000000000E+00
     0.000000000E+00      0.000000000E+00
     0.000000000E+00      0.000000000E+00
     5.000000000E+00      0.000000000E+00
     0.000000000E+00      0.000000000E+00
     0.000000000E+00      0.000000000E+00
     0.000000000E+00      0.000000000E+00
    -8.194574824E+02      0.000000000E+00
     8.194574824E+02      0.000000000E+00
    -8.194574824E+02      0.000000000E+00
     3.403125000E+01      0.000000000E+00
    -8.734887324E+02      0.000000000E+00
     8.194574824E+02      0.000000000E+00
     0.000000000E+00      0.000000000E+00
     0.000000000E+00      0.000000000E+00
     0.000000000E+00      0.000000000E+00
     0.000000000E+00      0.000000000E+00
     0.000000000E+00      0.000000000E+00
     0.000000000E+00      0.000000000E+00
     1.500000000E+01      0.000000000E+00
     0.000000000E+00      0.000000000E+00
     0.000000000E+00      0.000000000E+00
     0.000000000E+00      0.000000000E+00
     0.000000000E+00      0.000000000E+00
     0.000000000E+00      0.000000000E+00
     0.000000000E+00      0.000000000E+00
     0.000000000E+00      0.000000000E+00
     0.000000000E+00      0.000000000E+00
     0.000000000E+00      0.000000000E+00
     0.000000000E+00      0.000000000E+00
     0.000000000E+00      0.000000000E+00
     0.000000000E+00      0.000000000E+00
     0.000000000E+00      0.000000000E+00
     0.000000000E+00      0.000000000E+00
     0.000000000E+00      0.000000000E+00
     0.000000000E+00      0.000000000E+00
     0.000000000E+00      0.000000000E+00
     0.000000000E+00      0.000000000E+00
     0.000000000E+00      0.000000000E+00
     0.000000000E+00      0.000000000E+00
     0.000000000E+00      0.000000000E+00
     0.000000000E+00      0.000000000E+00
     0.000000000E+00      0.000000000E+00
     0.000000000E+00      0.000000000E+00
     5.000000000E+00      0.000000000E+00
     0.000000000E+00      0.000000000E+00
     8.194574824E+02      0.000000000E+00
     8.194574824E+02      0.000000000E+00
    -1.638914965E+03      0.000000000E+00
     8.194574824E+02      0.000000000E+00
     5.956288207E+06      0.000000000E+00
     5.956288207E+06      0.000000000E+00
    -1.191259641E+07      0.000000000E+00
     8.194574824E+02      0.000000000E+00
     0.000000000E+00      0.000000000E+00
     0.000000000E+00      0.000000000E+00
     0.000000000E+00      0.000000000E+00
     0.000000000E+00      0.000000000E+00
     0.000000000E+00      0.000000000E+00
     0.000000000E+00      0.000000000E+00
     1.500000000E+01      0.000000000E+00
     0.000000000E+00      0.000000000E+00
     0.000000000E+00      0.000000000E+00
     0.000000000E+00      0.000000000E+00
     0.000000000E+00      0.000000000E+00
     0.000000000E+00      0.000000000E+00
     0.000000000E+00      0.000000000E+00
     0.000000000E+00      0.000000000E+00
     0.000000000E+00      0.000000000E+00
     0.000000000E+00      0.000000000E+00
     0.000000000E+00      0.000000000E+00
     0.000000000E+00      0.000000000E+00
     0.000000000E+00      0.000000000E+00
     0.000000000E+00      0.000000000E+00
     0.000000000E+00      0.000000000E+00
     0.000000000E+00      0.000000000E+00
     0.000000000E+00      0.000000000E+00
     0.000000000E+00      0.000000000E+00
     0.000000000E+00      0.000000000E+00
     0.000000000E+00      0.000000000E+00
     0.000000000E+00      0.000000000E+00
     0.000000000E+00      0.000000000E+00
     0.000000000E+00      0.000000000E+00
     0.000000000E+00      0.000000000E+00
     0.000000000E+00      0.000000000E+00
     5.000000000E+00      0.000000000E+00
    -8.194574824E+02      0.000000000E+00
    -8.194574824E+02      0.000000000E+00
     1.638914965E+03      0.000000000E+00
     0.000000000E+00      0.000000000E+00
    -8.194574824E+02      0.000000000E+00
    -8.194574824E+02      0.000000000E+00
     1.638914965E+03      0.000000000E+00
    -1.707840734E+03      0.000000000E+00
     0.000000000E+00      0.000000000E+00
     0.000000000E+00      0.000000000E+00
     0.000000000E+00      0.000000000E+00
     0.000000000E+00      0.000000000E+00
     0.000000000E+00      0.000000000E+00
     0.000000000E+00      0.000000000E+00
     0.000000000E+00      0.000000000E+00
     1.500000000E+01      0.000000000E+00
     0.000000000E+00      0.000000000E+00
     0.000000000E+00      0.000000000E+00
     0.000000000E+00      0.000000000E+00
     0.000000000E+00      0.000000000E+00
     0.000000000E+00      0.000000000E+00
     0.000000000E+00      0.000000000E+00
     0.000000000E+00      0.000000000E+00
     0.000000000E+00      0.000000000E+00
     0.000000000E+00      0.000000000E+00
     0.000000000E+00      0.000000000E+00
     0.000000000E+00      0.000000000E+00
     0.000000000E+00      0.000000000E+00
     0.000000000E+00      0.000000000E+00
     0.000000000E+00      0.000000000E+00
     0.000000000E+00      0.000000000E+00
     0.000000000E+00      0.000000000E+00
     0.000000000E+00      0.000000000E+00
     0.000000000E+00      0.000000000E+00
     0.000000000E+00      0.000000000E+00
     0.000000000E+00      0.000000000E+00
     0.000000000E+00      0.000000000E+00
     0.000000000E+00      0.000000000E+00
     0.000000000E+00      0.000000000E+00
     0.000000000E+00      0.000000000E+00
     1.500000000E+01      0.000000000E+00
     0.000000000E+00      0.000000000E+00
     0.000000000E+00      0.000000000E+00
     0.000000000E+00      0.000000000E+00
     0.000000000E+00      0.000000000E+00
     0.000000000E+00      0.000000000E+00
     0.000000000E+00      0.000000000E+00
     0.000000000E+00      0.000000000E+00
    -3.120877533E+02      0.000000000E+00
     6.806250000E+01      0.000000000E+00
     2.040252533E+02      0.000000000E+00
    -2.040252533E+02      0.000000000E+00
    -2.040252533E+02      0.000000000E+00
     0.000000000E+00      0.000000000E+00
     2.040252533E+02      0.000000000E+00
     0.000000000E+00      0.000000000E+00
     2.500000000E+01      0.000000000E+00
     0.000000000E+00      0.000000000E+00
     0.000000000E+00      0.000000000E+00
     0.000000000E+00      0.000000000E+00
     0.000000000E+00      0.000000000E+00
     0.000000000E+00      0.000000000E+00
     0.000000000E+00      0.000000000E+00
     0.000000000E+00      0.000000000E+00
     0.000000000E+00      0.000000000E+00
     0.000000000E+00      0.000000000E+00
     0.000000000E+00      0.000000000E+00
     0.000000000E+00      0.000000000E+00
     0.000000000E+00      0.000000000E+00
     0.000000000E+00      0.000000000E+00
     0.000000000E+00      0.000000000E+00
     0.000000000E+00      0.000000000E+00
     0.000000000E+00      0.000000000E+00
     0.000000000E+00      0.000000000E+00
     0.000000000E+00      0.000000000E+00
     0.000000000E+00      0.000000000E+00
     0.000000000E+00      0.000000000E+00
     0.000000000E+00      0.000000000E+00
     0.000000000E+00      0.000000000E+00
     0.000000000E+00      0.000000000E+00
     0.000000000E+00      0.000000000E+00
     1.500000000E+01      0.000000000E+00
     0.000000000E+00      0.000000000E+00
     0.000000000E+00      0.000000000E+00
     0.000000000E+00      0.000000000E+00
     0.000000000E+00      0.000000000E+00
     0.000000000E+00      0.000000000E+00
     0.000000000E+00      0.000000000E+00
     6.806250000E+01      0.000000000E+00
    -3.120877533E+02      0.000000000E+00
     2.040252533E+02      0.000000000E+00
     0.000000000E+00      0.000000000E+00
     0.000000000E+00      0.000000000E+00
    -2.040252533E+02      0.000000000E+00
     2.040252533E+02      0.000000000E+00
    -2.040252533E+02      0.000000000E+00
     0.000000000E+00      0.000000000E+00
     2.500000000E+01      0.000000000E+00
     0.000000000E+00      0.000000000E+00
     0.000000000E+00      0.000000000E+00
     0.000000000E+00      0.000000000E+00
     0.000000000E+00      0.000000000E+00
     0.000000000E+00      0.000000000E+00
     0.000000000E+00      0.000000000E+00
     0.000000000E+00      0.000000000E+00
     0.000000000E+00      0.000000000E+00
     0.000000000E+00      0.000000000E+00
     0.000000000E+00      0.000000000E+00
     0.000000000E+00      0.000000000E+00
     0.000000000E+00      0.000000000E+00
     0.000000000E+00      0.000000000E+00
     0.000000000E+00      0.000000000E+00
     0.000000000E+00      0.000000000E+00
     0.000000000E+00      0.000000000E+00
     0.000000000E+00      0.000000000E+00
     0.000000000E+00      0.000000000E+00
     0.000000000E+00      0.000000000E+00
     0.000000000E+00      0.000000000E+00
     0.000000000E+00      0.000000000E+00
     0.000000000E+00      0.000000000E+00
     0.000000000E+00      0.000000000E+00
     0.000000000E+00      0.000000000E+00
     1.500000000E+01      0.000000000E+00
     0.000000000E+00      0.000000000E+00
     0.000000000E+00      0.000000000E+00
     0.000000000E+00      0.000000000E+00
     0.000000000E+00      0.000000000E+00
     0.000000000E+00      0.000000000E+00
     1.191114153E+07      0.000000000E+00
     1.191114153E+07      0.000000000E+00
    -2.382232305E+07      0.000000000E+00
     2.040252533E+02      0.000000000E+00
     2.040252533E+02      0.000000000E+00
     2.040252533E+02      0.000000000E+00
    -4.080505065E+02      0.000000000E+00
     2.040252533E+02      0.000000000E+00
     0.000000000E+00      0.000000000E+00
     0.000000000E+00      0.000000000E+00
     2.500000000E+01      0.000000000E+00
     0.000000000E+00      0.000000000E+00
     0.000000000E+00      0.000000000E+00
     0.000000000E+00      0.000000000E+00
     0.000000000E+00      0.000000000E+00
     0.000000000E+00      0.000000000E+00
     0.000000000E+00      0.000000000E+00
     0.000000000E+00      0.000000000E+00
     0.000000000E+00      0.000000000E+00
     0.000000000E+00      0.000000000E+00
     0.000000000E+00      0.000000000E+00
     0.000000000E+00      0.000000000E+00
     0.000000000E+00      0.000000000E+00
     0.000000000E+00      0.000000000E+00
     0.000000000E+00      0.000000000E+00
     0.000000000E+00      0.000000000E+00
     0.000000000E+00      0.000000000E+00
     0.000000000E+00      0.000000000E+00
     0.000000000E+00      0.000000000E+00
     0.000000000E+00      0.000000000E+00
     0.000000000E+00      0.000000000E+00
     0.000000000E+00      0.000000000E+00
     0.000000000E+00      0.000000000E+00
     0.000000000E+00      0.000000000E+00
     0.000000000E+00      0.000000000E+00
     1.500000000E+01      0.000000000E+00
     0.000000000E+00      0.000000000E+00
     0.000000000E+00      0.000000000E+00
     0.000000000E+00      0.000000000E+00
     0.000000000E+00      0.000000000E+00
    -2.040252533E+02      0.000000000E+00
    -2.040252533E+02      0.000000000E+00
     4.080505065E+02      0.000000000E+00
    -5.459020447E+02      0.000000000E+00
    -2.040252533E+02      0.000000000E+00
    -2.040252533E+02      0.000000000E+00
     4.080505065E+02      0.000000000E+00
     0.000000000E+00      0.000000000E+00
     0.000000000E+00      0.000000000E+00
     0.000000000E+00      0.000000000E+00
     0.000000000E+00      0.000000000E+00
     2.500000000E+01      0.000000000E+00
     0.000000000E+00      0.000000000E+00
     0.000000000E+00      0.000000000E+00
     0.000000000E+00      0.000000000E+00
     0.000000000E+00      0.000000000E+00
     0.000000000E+00      0.000000000E+00
     0.000000000E+00      0.000000000E+00
     0.000000000E+00      0.000000000E+00
     0.000000000E+00      0.000000000E+00
     0.000000000E+00      0.000000000E+00
     0.000000000E+00      0.000000000E+00
     0.000000000E+00      0.000000000E+00
     0.000000000E+00      0.000000000E+00
     0.000000000E+00      0.000000000E+00
     0.000000000E+00      0.000000000E+00
     0.000000000E+00      0.000000000E+00
     0.000000000E+00      0.000000000E+00
     0.000000000E+00      0.000000000E+00
     0.000000000E+00      0.000000000E+00
     0.000000000E+00      0.000000000E+00
     0.000000000E+00      0.000000000E+00
     0.000000000E+00      0.000000000E+00
     0.000000000E+00      0.000000000E+00
     0.000000000E+00      0.000000000E+00
     0.000000000E+00      0.000000000E+00
     1.500000000E+01      0.000000000E+00
     0.000000000E+00      0.000000000E+00
     0.000000000E+00      0.000000000E+00
     0.000000000E+00      0.000000000E+00
    -2.040252533E+02      0.000000000E+00
     0.000000000E+00      0.000000000E+00
     2.040252533E+02      0.000000000E+00
     0.000000000E+00      0.000000000E+00
    -3.120877533E+02      0.000000000E+00
     6.806250000E+01      0.000000000E+00
     2.040252533E+02      0.000000000E+00
    -2.040252533E+02      0.000000000E+00
     0.000000000E+00      0.000000000E+00
     0.000000000E+00      0.000000000E+00
     0.000000000E+00      0.000000000E+00
     0.000000000E+00      0.000000000E+00
     2.500000000E+01      0.000000000E+00
     0.000000000E+00      0.000000000E+00
     0.000000000E+00      0.000000000E+00
     0.000000000E+00      0.000000000E+00
     0.000000000E+00      0.000000000E+00
     0.000000000E+00      0.000000000E+00
     0.000000000E+00      0.000000000E+00
     0.000000000E+00      0.000000000E+00
     0.000000000E+00      0.000000000E+00
     0.000000000E+00      0.000000000E+00
     0.000000000E+00      0.000000000E+00
     0.000000000E+00      0.000000000E+00
     0.000000000E+00      0.000000000E+00
     0.000000000E+00      0.000000000E+00
     0.000000000E+00      0.000000000E+00
     0.000000000E+00      0.000000000E+00
     0.000000000E+00      0.000000000E+00
     0.000000000E+00      0.000000000E+00
     0.000000000E+00      0.000000000E+00
     0.000000000E+00      0.000000000E+00
     0.000000000E+00      0.000000000E+00
     0.000000000E+00      0.000000000E+00
     0.000000000E+00      0.000000000E+00
     0.000000000E+00      0.000000000E+00
     0.000000000E+00      0.000000000E+00
     1.500000000E+01      0.000000000E+00
     0.000000000E+00      0.000000000E+00
     0.000000000E+00      0.000000000E+00
     0.000000000E+00      0.000000000E+00
    -2.040252533E+02      0.000000000E+00
     2.040252533E+02      0.000000000E+00
    -2.040252533E+02      0.000000000E+00
     6.806250000E+01      0.000000000E+00
    -3.120877533E+02      0.000000000E+00
     2.040252533E+02      0.000000000E+00
     0.000000000E+00      0.000000000E+00
     0.000000000E+00      0.000000000E+00
     0.000000000E+00      0.000000000E+00
     0.000000000E+00      0.000000000E+00
     0.000000000E+00      0.000000000E+00
     0.000000000E+00      0.000000000E+00
     2.500000000E+01      0.000000000E+00
     0.000000000E+00      0.000000000E+00
     0.000000000E+00      0.000000000E+00
     0.000000000E+00      0.000000000E+00
     0.000000000E+00      0.000000000E+00
     0.000000000E+00      0.000000000E+00
     0.000000000E+00      0.000000000E+00
     0.000000000E+00      0.000000000E+00
     0.000000000E+00      0.000000000E+00
     0.000000000E+00      0.000000000E+00
     0.000000000E+00      0.000000000E+00
     0.000000000E+00      0.000000000E+00
     0.000000000E+00      0.000000000E+00
     0.000000000E+00      0.000000000E+00
     0.000000000E+00      0.000000000E+00
     0.000000000E+00      0.000000000E+00
     0.000000000E+00      0.000000000E+00
     0.000000000E+00      0.000000000E+00
     0.000000000E+00      0.000000000E+00
     0.000000000E+00      0.000000000E+00
     0.000000000E+00      0.000000000E+00
     0.000000000E+00      0.000000000E+00
     0.000000000E+00      0.000000000E+00
     0.000000000E+00      0.000000000E+00
     0.000000000E+00      0.000000000E+00
     1.500000000E+01      0.000000000E+00
     0.000000000E+00      0.000000000E+00
     2.040252533E+02      0.000000000E+00
     2.040252533E+02      0.000000000E+00
    -4.080505065E+02      0.000000000E+00
     2.040252533E+02      0.000000000E+00
     1.191114153E+07      0.000000000E+00
     1.191114153E+07      0.000000000E+00
    -2.382232305E+07      0.000000000E+00
     2.040252533E+02      0.000000000E+00
     0.000000000E+00      0.000000000E+00
     0.000000000E+00      0.000000000E+00
     0.000000000E+00      0.000000000E+00
     0.000000000E+00      0.000000000E+00
     0.000000000E+00      0.000000000E+00
     0.000000000E+00      0.000000000E+00
     2.500000000E+01      0.000000000E+00
     0.000000000E+00      0.000000000E+00
     0.000000000E+00      0.000000000E+00
     0.000000000E+00      0.000000000E+00
     0.000000000E+00      0.000000000E+00
     0.000000000E+00      0.000000000E+00
     0.000000000E+00      0.000000000E+00
     0.000000000E+00      0.000000000E+00
     0.000000000E+00      0.000000000E+00
     0.000000000E+00      0.000000000E+00
     0.000000000E+00      0.000000000E+00
     0.000000000E+00      0.000000000E+00
     0.000000000E+00      0.000000000E+00
     0.000000000E+00      0.000000000E+00
     0.000000000E+00      0.000000000E+00
     0.000000000E+00      0.000000000E+00
     0.000000000E+00      0.000000000E+00
     0.000000000E+00      0.000000000E+00
     0.000000000E+00      0.000000000E+00
     0.000000000E+00      0.000000000E+00
     0.000000000E+00      0.000000000E+00
     0.000000000E+00      0.000000000E+00
     0.000000000E+00      0.000000000E+00
     0.000000000E+00      0.000000000E+00
     0.000000000E+00      0.000000000E+00
     1.500000000E+01      0.000000000E+00
    -2.040252533E+02      0.000000000E+00
    -2.040252533E+02      0.000000000E+00
     4.080505065E+02      0.000000000E+00
     0.000000000E+00      0.000000000E+00
    -2.040252533E+02      0.000000000E+00
    -2.040252533E+02      0.000000000E+00
     4.080505065E+02      0.000000000E+00
    -5.459020447E+02      0.000000000E+00
     0.000000000E+00      0.000000000E+00
     0.000000000E+00      0.000000000E+00
     0.000000000E+00      0.000000000E+00
     0.000000000E+00      0.000000000E+00
     0.000000000E+00      0.000000000E+00
     0.000000000E+00      0.000000000E+00
     0.000000000E+00      0.000000000E+00
     2.500000000E+01      0.000000000E+00
     0.000000000E+00      0.000000000E+00
     0.000000000E+00      0.000000000E+00
     0.000000000E+00      0.000000000E+00
     0.000000000E+00      0.000000000E+00
     0.000000000E+00      0.000000000E+00
     0.000000000E+00      0.000000000E+00
     0.000000000E+00      0.000000000E+00
     0.000000000E+00      0.000000000E+00
     0.000000000E+00      0.000000000E+00
     0.000000000E+00      0.000000000E+00
     0.000000000E+00      0.000000000E+00
     0.000000000E+00      0.000000000E+00
     0.000000000E+00      0.000000000E+00
     0.000000000E+00      0.000000000E+00
     0.000000000E+00      0.000000000E+00
     0.000000000E+00      0.000000000E+00
     0.000000000E+00      0.000000000E+00
     0.000000000E+00      0.000000000E+00
     0.000000000E+00      0.000000000E+00
     0.000000000E+00      0.000000000E+00
     0.000000000E+00      0.000000000E+00
     0.000000000E+00      0.000000000E+00
     0.000000000E+00      0.000000000E+00
     0.000000000E+00      0.000000000E+00
     2.500000000E+01      0.000000000E+00
     0.000000000E+00      0.000000000E+00
     0.000000000E+00      0.000000000E+00
     0.000000000E+00      0.000000000E+00
     0.000000000E+00      0.000000000E+00
     0.000000000E+00      0.000000000E+00
     0.000000000E+00      0.000000000E+00
     0.000000000E+00      0.000000000E+00
    -1.715922354E+02      0.000000000E+00
     1.020937500E+02      0.000000000E+00
     9.498485398E+00      0.000000000E+00
    -9.498485398E+00      0.000000000E+00
    -9.498485398E+00      0.000000000E+00
     0.000000000E+00      0.000000000E+00
     9.498485398E+00      0.000000000E+00
     0.000000000E+00      0.000000000E+00
     0.000000000E+00      0.000000000E+00
     0.000000000E+00      0.000000000E+00
     0.000000000E+00      0.000000000E+00
     0.000000000E+00      0.000000000E+00
     0.000000000E+00      0.000000000E+00
     0.000000000E+00      0.000000000E+00
     0.000000000E+00      0.000000000E+00
     0.000000000E+00      0.000000000E+00
     0.000000000E+00      0.000000000E+00
     0.000000000E+00      0.000000000E+00
     0.000000000E+00      0.000000000E+00
     0.000000000E+00      0.000000000E+00
     0.000000000E+00      0.000000000E+00
     0.000000000E+00      0.000000000E+00
     0.000000000E+00      0.000000000E+00
     0.000000000E+00      0.000000000E+00
     0.000000000E+00      0.000000000E+00
     0.000000000E+00      0.000000000E+00
     0.000000000E+00      0.000000000E+00
     0.000000000E+00      0.000000000E+00
     0.000000000E+00      0.000000000E+00
     0.000000000E+00      0.000000000E+00
     0.000000000E+00      0.000000000E+00
     0.000000000E+00      0.000000000E+00
     0.000000000E+00      0.000000000E+00
     2.500000000E+01      0.000000000E+00
     0.000000000E+00      0.000000000E+00
     0.000000000E+00      0.000000000E+00
     0.000000000E+00      0.000000000E+00
     0.000000000E+00      0.000000000E+00
     0.000000000E+00      0.000000000E+00
     0.000000000E+00      0.000000000E+00
     1.020937500E+02      0.000000000E+00
    -1.715922354E+02      0.000000000E+00
     9.498485398E+00      0.000000000E+00
     0.000000000E+00      0.000000000E+00
     0.000000000E+00      0.000000000E+00
    -9.498485398E+00      0.000000000E+00
     9.498485398E+00      0.000000000E+00
    -9.498485398E+00      0.000000000E+00
     0.000000000E+00      0.000000000E+00
     0.000000000E+00      0.000000000E+00
     0.000000000E+00      0.000000000E+00
     0.000000000E+00      0.000000000E+00
     0.000000000E+00      0.000000000E+00
     0.000000000E+00      0.000000000E+00
     0.000000000E+00      0.000000000E+00
     0.000000000E+00      0.000000000E+00
     0.000000000E+00      0.000000000E+00
     0.000000000E+00      0.000000000E+00
     0.000000000E+00      0.000000000E+00
     0.000000000E+00      0.000000000E+00
     0.000000000E+00      0.000000000E+00
     0.000000000E+00      0.000000000E+00
     0.000000000E+00      0.000000000E+00
     0.000000000E+00      0.000000000E+00
     0.000000000E+00      0.000000000E+00
     0.000000000E+00      0.000000000E+00
     0.000000000E+00      0.000000000E+00
     0.000000000E+00      0.000000000E+00
     0.000000000E+00      0.000000000E+00
     0.000000000E+00      0.000000000E+00
     0.000000000E+00      0.000000000E+00
     0.000000000E+00      0.000000000E+00
     0.000000000E+00      0.000000000E+00
     0.000000000E+00      0.000000000E+00
     2.500000000E+01      0.000000000E+00
     0.000000000E+00      0.000000000E+00
     0.000000000E+00      0.000000000E+00
     0.000000000E+00      0.000000000E+00
     0.000000000E+00      0.000000000E+00
     0.000000000E+00      0.000000000E+00
     1.786641575E+07      0.000000000E+00
     1.786641575E+07      0.000000000E+00
    -3.573289150E+07      0.000000000E+00
     9.498485398E+00      0.000000000E+00
     9.498485398E+00      0.000000000E+00
     9.498485398E+00      0.000000000E+00
    -1.899697080E+01      0.000000000E+00
     9.498485398E+00      0.000000000E+00
     0.000000000E+00      0.000000000E+00
     0.000000000E+00      0.000000000E+00
     0.000000000E+00      0.000000000E+00
     0.000000000E+00      0.000000000E+00
     0.000000000E+00      0.000000000E+00
     0.000000000E+00      0.000000000E+00
     0.000000000E+00      0.000000000E+00
     0.000000000E+00      0.000000000E+00
     0.000000000E+00      0.000000000E+00
     0.000000000E+00      0.000000000E+00
     0.000000000E+00      0.000000000E+00
     0.000000000E+00      0.000000000E+00
     0.000000000E+00      0.000000000E+00
     0.000000000E+00      0.000000000E+00
     0.000000000E+00      0.000000000E+00
     0.000000000E+00      0.000000000E+00
     0.000000000E+00      0.000000000E+00
     0.000000000E+00      0.000000000E+00
     0.000000000E+00      0.000000000E+00
     0.000000000E+00      0.000000000E+00
     0.000000000E+00      0.000000000E+00
     0.000000000E+00      0.000000000E+00
     0.000000000E+00      0.000000000E+00
     0.000000000E+00      0.000000000E+00
     0.000000000E+00      0.000000000E+00
     0.000000000E+00      0.000000000E+00
     0.000000000E+00      0.000000000E+00
     2.500000000E+01      0.000000000E+00
     0.000000000E+00      0.000000000E+00
     0.000000000E+00      0.000000000E+00
     0.000000000E+00      0.000000000E+00
     0.000000000E+00      0.000000000E+00
    -9.498485398E+00      0.000000000E+00
    -9.498485398E+00      0.000000000E+00
     1.899697080E+01      0.000000000E+00
    -2.257742781E+02      0.000000000E+00
    -9.498485398E+00      0.000000000E+00
    -9.498485398E+00      0.000000000E+00
     1.899697080E+01      0.000000000E+00
     0.000000000E+00      0.000000000E+00
     0.000000000E+00      0.000000000E+00
     0.000000000E+00      0.000000000E+00
     0.000000000E+00      0.000000000E+00
     0.000000000E+00      0.000000000E+00
     0.000000000E+00      0.000000000E+00
     0.000000000E+00      0.000000000E+00
     0.000000000E+00      0.000000000E+00
     0.000000000E+00      0.000000000E+00
     0.000000000E+00      0.000000000E+00
     0.000000000E+00      0.000000000E+00
     0.000000000E+00      0.000000000E+00
     0.000000000E+00      0.000000000E+00
     0.000000000E+00      0.000000000E+00
     0.000000000E+00      0.000000000E+00
     0.000000000E+00      0.000000000E+00
     0.000000000E+00      0.000000000E+00
     0.000000000E+00      0.000000000E+00
     0.000000000E+00      0.000000000E+00
     0.000000000E+00      0.000000000E+00
     0.000000000E+00      0.000000000E+00
     0.000000000E+00      0.000000000E+00
     0.000000000E+00      0.000000000E+00
     0.000000000E+00      0.000000000E+00
     0.000000000E+00      0.000000000E+00
     0.000000000E+00      0.000000000E+00
     0.000000000E+00      0.000000000E+00
     0.000000000E+00      0.000000000E+00
     0.000000000E+00      0.000000000E+00
     2.500000000E+01      0.000000000E+00
     0.000000000E+00      0.000000000E+00
     0.000000000E+00      0.000000000E+00
     0.000000000E+00      0.000000000E+00
    -9.498485398E+00      0.000000000E+00
     0.000000000E+00      0.000000000E+00
     9.498485398E+00      0.000000000E+00
     0.000000000E+00      0.000000000E+00
    -1.715922354E+02      0.000000000E+00
     1.020937500E+02      0.000000000E+00
     9.498485398E+00      0.000000000E+00
    -9.498485398E+00      0.000000000E+00
     0.000000000E+00      0.000000000E+00
     0.000000000E+00      0.000000000E+00
     0.000000000E+00      0.000000000E+00
     0.000000000E+00      0.000000000E+00
     0.000000000E+00      0.000000000E+00
     0.000000000E+00      0.000000000E+00
     0.000000000E+00      0.000000000E+00
     0.000000000E+00      0.000000000E+00
     0.000000000E+00      0.000000000E+00
     0.000000000E+00      0.000000000E+00
     0.000000000E+00      0.000000000E+00
     0.000000000E+00      0.000000000E+00
     0.000000000E+00      0.000000000E+00
     0.000000000E+00      0.000000000E+00
     0.000000000E+00      0.000000000E+00
     0.000000000E+00      0.000000000E+00
     0.000000000E+00      0.000000000E+00
     0.000000000E+00      0.000000000E+00
     0.000000000E+00      0.000000000E+00
     0.000000000E+00      0.000000000E+00
     0.000000000E+00      0.000000000E+00
     0.000000000E+00      0.000000000E+00
     0.000000000E+00      0.000000000E+00
     0.000000000E+00      0.000000000E+00
     0.000000000E+00      0.000000000E+00
     0.000000000E+00      0.000000000E+00
     0.000000000E+00      0.000000000E+00
     0.000000000E+00      0.000000000E+00
     0.000000000E+00      0.000000000E+00
     2.500000000E+01      0.000000000E+00
     0.000000000E+00      0.000000000E+00
     0.000000000E+00      0.000000000E+00
     0.000000000E+00      0.000000000E+00
    -9.498485398E+00      0.000000000E+00
     9.498485398E+00      0.000000000E+00
    -9.498485398E+00      0.000000000E+00
     1.020937500E+02      0.000000000E+00
    -1.715922354E+02      0.000000000E+00
     9.498485398E+00      0.000000000E+00
     0.000000000E+00      0.000000000E+00
     0.000000000E+00      0.000000000E+00
     0.000000000E+00      0.000000000E+00
     0.000000000E+00      0.000000000E+00
     0.000000000E+00      0.000000000E+00
     0.000000000E+00      0.000000000E+00
     0.000000000E+00      0.000000000E+00
     0.000000000E+00      0.000000000E+00
     0.000000000E+00      0.000000000E+00
     0.000000000E+00      0.000000000E+00
     0.000000000E+00      0.000000000E+00
     0.000000000E+00      0.000000000E+00
     0.000000000E+00      0.000000000E+00
     0.000000000E+00      0.000000000E+00
     0.000000000E+00      0.000000000E+00
     0.000000000E+00      0.000000000E+00
     0.000000000E+00      0.000000000E+00
     0.000000000E+00      0.000000000E+00
     0.000000000E+00      0.000000000E+00
     0.000000000E+00      0.000000000E+00
     0.000000000E+00      0.000000000E+00
     0.000000000E+00      0.000000000E+00
     0.000000000E+00      0.000000000E+00
     0.000000000E+00      0.000000000E+00
     0.000000000E+00      0.000000000E+00
     0.000000000E+00      0.000000000E+00
     0.000000000E+00      0.000000000E+00
     0.000000000E+00      0.000000000E+00
     0.000000000E+00      0.000000000E+00
     0.000000000E+00      0.000000000E+00
     0.000000000E+00      0.000000000E+00
     2.500000000E+01      0.000000000E+00
     0.000000000E+00      0.000000000E+00
     9.498485398E+00      0.000000000E+00
     9.498485398E+00      0.000000000E+00
    -1.899697080E+01      0.000000000E+00
     9.498485398E+00      0.000000000E+00
     1.786641575E+07      0.000000000E+00
     1.786641575E+07      0.000000000E+00
    -3.573289150E+07      0.000000000E+00
     9.498485398E+00      0.000000000E+00
     0.000000000E+00      0.000000000E+00
     0.000000000E+00      0.000000000E+00
     0.000000000E+00      0.000000000E+00
     0.000000000E+00      0.000000000E+00
     0.000000000E+00      0.000000000E+00
     0.000000000E+00      0.000000000E+00
     0.000000000E+00      0.000000000E+00
     0.000000000E+00      0.000000000E+00
     0.000000000E+00      0.000000000E+00
     0.000000000E+00      0.000000000E+00
     0.000000000E+00      0.000000000E+00
     0.000000000E+00      0.000000000E+00
     0.000000000E+00      0.000000000E+00
     0.000000000E+00      0.000000000E+00
     0.000000000E+00      0.000000000E+00
     0.000000000E+00      0.000000000E+00
     0.000000000E+00      0.000000000E+00
     0.000000000E+00      0.000000000E+00
     0.000000000E+00      0.000000000E+00
     0.000000000E+00      0.000000000E+00
     0.000000000E+00      0.000000000E+00
     0.000000000E+00      0.000000000E+00
     0.000000000E+00      0.000000000E+00
     0.000000000E+00      0.000000000E+00
     0.000000000E+00      0.000000000E+00
     0.000000000E+00      0.000000000E+00
     0.000000000E+00      0.000000000E+00
     0.000000000E+00      0.000000000E+00
     0.000000000E+00      0.000000000E+00
     0.000000000E+00      0.000000000E+00
     0.000000000E+00      0.000000000E+00
     2.500000000E+01      0.000000000E+00
    -9.498485398E+00      0.000000000E+00
    -9.498485398E+00      0.000000000E+00
     1.899697080E+01      0.000000000E+00
     0.000000000E+00      0.000000000E+00
    -9.498485398E+00      0.000000000E+00
    -9.498485398E+00      0.000000000E+00
     1.899697080E+01      0.000000000E+00
    -2.257742781E+02      0.000000000E+00
     0.000000000E+00      0.000000000E+00
     0.000000000E+00      0.000000000E+00
     0.000000000E+00      0.000000000E+00
     0.000000000E+00      0.000000000E+00
     0.000000000E+00      0.000000000E+00
     0.000000000E+00      0.000000000E+00
     0.000000000E+00      0.000000000E+00
     0.000000000E+00      0.000000000E+00
     0.000000000E+00      0.000000000E+00
     0.000000000E+00      0.000000000E+00
     0.000000000E+00      0.000000000E+00
     0.000000000E+00      0.000000000E+00
     0.000000000E+00      0.000000000E+00
     0.000000000E+00      0.000000000E+00
     0.000000000E+00      0.000000000E+00
     0.000000000E+00      0.000000000E+00
     0.000000000E+00      0.000000000E+00
     0.000000000E+00      0.000000000E+00
     0.000000000E+00      0.000000000E+00
     0.000000000E+00      0.000000000E+00
     0.000000000E+00      0.000000000E+00
     0.000000000E+00      0.000000000E+00
     0.000000000E+00      0.000000000E+00
     0.000000000E+00      0.000000000E+00
     0.000000000E+00      0.000000000E+00
     0.000000000E+00      0.000000000E+00
     0.000000000E+00      0.000000000E+00
     0.000000000E+00      0.000000000E+00
     0.000000000E+00      0.000000000E+00
     0.000000000E+00      0.000000000E+00
     0.000000000E+00      0.000000000E+00
     0.000000000E+00      0.000000000E+00
     3.500000000E+01      0.000000000E+00
     0.000000000E+00      0.000000000E+00
     0.000000000E+00      0.000000000E+00
     0.000000000E+00      0.000000000E+00
     0.000000000E+00      0.000000000E+00
     0.000000000E+00      0.000000000E+00
     0.000000000E+00      0.000000000E+00
     0.000000000E+00      0.000000000E+00
     1.000000000E+00      0.000000000E+00
     0.000000000E+00      0.000000000E+00
     0.000000000E+00      0.000000000E+00
     0.000000000E+00      0.000000000E+00
     0.000000000E+00      0.000000000E+00
     0.000000000E+00      0.000000000E+00
     0.000000000E+00      0.000000000E+00
     0.000000000E+00      0.000000000E+00
     0.000000000E+00      0.000000000E+00
     0.000000000E+00      0.000000000E+00
     0.000000000E+00      0.000000000E+00
     0.000000000E+00      0.000000000E+00
     0.000000000E+00      0.000000000E+00
     0.000000000E+00      0.000000000E+00
     0.000000000E+00      0.000000000E+00
     0.000000000E+00      0.000000000E+00
     0.000000000E+00      0.000000000E+00
     0.000000000E+00      0.000000000E+00
     0.000000000E+00      0.000000000E+00
     0.000000000E+00      0.000000000E+00
     0.000000000E+00      0.000000000E+00
     0.000000000E+00      0.000000000E+00
     0.000000000E+00      0.000000000E+00
     0.000000000E+00      0.000000000E+00
     0.000000000E+00      0.000000000E+00
     0.000000000E+00      0.000000000E+00
     0.000000000E+00      0.000000000E+00
     0.000000000E+00      0.000000000E+00
     0.000000000E+00      0.000000000E+00
     0.000000000E+00      0.000000000E+00
     0.000000000E+00      0.000000000E+00
     0.000000000E+00      0.000000000E+00
     0.000000000E+00      0.000000000E+00
     3.500000000E+01      0.000000000E+00
     0.000000000E+00      0.000000000E+00
     0.000000000E+00      0.000000000E+00
     0.000000000E+00      0.000000000E+00
     0.000000000E+00      0.000000000E+00
     0.000000000E+00      0.000000000E+00
     0.000000000E+00      0.000000000E+00
     0.000000000E+00      0.000000000E+00
     1.000000000E+00      0.000000000E+00
     0.000000000E+00      0.000000000E+00
     0.000000000E+00      0.000000000E+00
     0.000000000E+00      0.000000000E+00
     0.000000000E+00      0.000000000E+00
     0.000000000E+00      0.000000000E+00
     0.000000000E+00      0.000000000E+00
     0.000000000E+00      0.000000000E+00
     0.000000000E+00      0.000000000E+00
     0.000000000E+00      0.000000000E+00
     0.000000000E+00      0.000000000E+00
     0.000000000E+00      0.000000000E+00
     0.000000000E+00      0.000000000E+00
     0.000000000E+00      0.000000000E+00
     0.000000000E+00      0.000000000E+00
     0.000000000E+00      0.000000000E+00
     0.000000000E+00      0.000000000E+00
     0.000000000E+00      0.000000000E+00
     0.000000000E+00      0.000000000E+00
     0.000000000E+00      0.000000000E+00
     0.000000000E+00      0.000000000E+00
     0.000000000E+00      0.000000000E+00
     0.000000000E+00      0.000000000E+00
     0.000000000E+00      0.000000000E+00
     0.000000000E+00      0.000000000E+00
     0.000000000E+00      0.000000000E+00
     0.000000000E+00      0.000000000E+00
     0.000000000E+00      0.000000000E+00
     0.000000000E+00      0.000000000E+00
     0.000000000E+00      0.000000000E+00
     0.000000000E+00      0.000000000E+00
     0.000000000E+00      0.000000000E+00
     0.000000000E+00      0.000000000E+00
     3.500000000E+01      0.000000000E+00
     0.000000000E+00      0.000000000E+00
     0.000000000E+00      0.000000000E+00
     0.000000000E+00      0.000000000E+00
     0.000000000E+00      0.000000000E+00
     0.000000000E+00      0.000000000E+00
     0.000000000E+00      0.000000000E+00
     0.000000000E+00      0.000000000E+00
     1.000000000E+00      0.000000000E+00
     0.000000000E+00      0.000000000E+00
     0.000000000E+00      0.000000000E+00
     0.000000000E+00      0.000000000E+00
     0.000000000E+00      0.000000000E+00
     0.000000000E+00      0.000000000E+00
     0.000000000E+00      0.000000000E+00
     0.000000000E+00      0.000000000E+00
     0.000000000E+00      0.000000000E+00
     0.000000000E+00      0.000000000E+00
     0.000000000E+00      0.000000000E+00
     0.000000000E+00      0.000000000E+00
     0.000000000E+00      0.000000000E+00
     0.000000000E+00      0.000000000E+00
     0.000000000E+00      0.000000000E+00
     0.000000000E+00      0.000000000E+00
     0.000000000E+00      0.000000000E+00
     0.000000000E+00      0.000000000E+00
     0.000000000E+00      0.000000000E+00
     0.000000000E+00      0.000000000E+00
     0.000000000E+00      0.000000000E+00
     0.000000000E+00      0.000000000E+00
     0.000000000E+00      0.000000000E+00
     0.000000000E+00      0.000000000E+00
     0.000000000E+00      0.000000000E+00
     0.000000000E+00      0.000000000E+00
     0.000000000E+00      0.000000000E+00
     0.000000000E+00      0.000000000E+00
     0.000000000E+00      0.000000000E+00
     0.000000000E+00      0.000000000E+00
     0.000000000E+00      0.000000000E+00
     0.000000000E+00      0.000000000E+00
     0.000000000E+00      0.000000000E+00
     3.500000000E+01      0.000000000E+00
     0.000000000E+00      0.000000000E+00
     0.000000000E+00      0.000000000E+00
     0.000000000E+00      0.000000000E+00
     0.000000000E+00      0.000000000E+00
     0.000000000E+00      0.000000000E+00
     0.000000000E+00      0.000000000E+00
     0.000000000E+00      0.000000000E+00
     1.000000000E+00      0.000000000E+00
     0.000000000E+00      0.000000000E+00
     0.000000000E+00      0.000000000E+00
     0.000000000E+00      0.000000000E+00
     0.000000000E+00      0.000000000E+00
     0.000000000E+00      0.000000000E+00
     0.000000000E+00      0.000000000E+00
     0.000000000E+00      0.000000000E+00
     0.000000000E+00      0.000000000E+00
     0.000000000E+00      0.000000000E+00
     0.000000000E+00      0.000000000E+00
     0.000000000E+00      0.000000000E+00
     0.000000000E+00      0.000000000E+00
     0.000000000E+00      0.000000000E+00
     0.000000000E+00      0.000000000E+00
     0.000000000E+00      0.000000000E+00
     0.000000000E+00      0.000000000E+00
     0.000000000E+00      0.000000000E+00
     0.000000000E+00      0.000000000E+00
     0.000000000E+00      0.000000000E+00
     0.000000000E+00      0.000000000E+00
     0.000000000E+00      0.000000000E+00
     0.000000000E+00      0.000000000E+00
     0.000000000E+00      0.000000000E+00
     0.000000000E+00      0.000000000E+00
     0.000000000E+00      0.000000000E+00
     0.000000000E+00      0.000000000E+00
     0.000000000E+00      0.000000000E+00
     0.000000000E+00      0.000000000E+00
     0.000000000E+00      0.000000000E+00
     0.000000000E+00      0.000000000E+00
     0.000000000E+00      0.000000000E+00
     0.000000000E+00      0.000000000E+00
     3.500000000E+01      0.000000000E+00
     0.000000000E+00      0.000000000E+00
     0.000000000E+00      0.000000000E+00
     0.000000000E+00      0.000000000E+00
     0.000000000E+00      0.000000000E+00
     0.000000000E+00      0.000000000E+00
     0.000000000E+00      0.000000000E+00
     0.000000000E+00      0.000000000E+00
     1.000000000E+00      0.000000000E+00
     0.000000000E+00      0.000000000E+00
     0.000000000E+00      0.000000000E+00
     0.000000000E+00      0.000000000E+00
     0.000000000E+00      0.000000000E+00
     0.000000000E+00      0.000000000E+00
     0.000000000E+00      0.000000000E+00
     0.000000000E+00      0.000000000E+00
     0.000000000E+00      0.000000000E+00
     0.000000000E+00      0.000000000E+00
     0.000000000E+00      0.000000000E+00
     0.000000000E+00      0.000000000E+00
     0.000000000E+00      0.000000000E+00
     0.000000000E+00      0.000000000E+00
     0.000000000E+00      0.000000000E+00
     0.000000000E+00      0.000000000E+00
     0.000000000E+00      0.000000000E+00
     0.000000000E+00      0.000000000E+00
     0.000000000E+00      0.000000000E+00
     0.000000000E+00      0.000000000E+00
     0.000000000E+00      0.000000000E+00
     0.000000000E+00      0.000000000E+00
     0.000000000E+00      0.000000000E+00
     0.000000000E+00      0.000000000E+00
     0.000000000E+00      0.000000000E+00
     0.000000000E+00      0.000000000E+00
     0.000000000E+00      0.000000000E+00
     0.000000000E+00      0.000000000E+00
     0.000000000E+00      0.000000000E+00
     0.000000000E+00      0.000000000E+00
     0.000000000E+00      0.000000000E+00
     0.000000000E+00      0.000000000E+00
     0.000000000E+00      0.000000000E+00
     3.500000000E+01      0.000000000E+00
     0.000000000E+00      0.000000000E+00
     0.000000000E+00      0.000000000E+00
     0.000000000E+00      0.000000000E+00
     0.000000000E+00      0.000000000E+00
     0.000000000E+00      0.000000000E+00
     0.000000000E+00      0.000000000E+00
     0.000000000E+00      0.000000000E+00
     1.000000000E+00      0.000000000E+00
     0.000000000E+00      0.000000000E+00
     0.000000000E+00      0.000000000E+00
     0.000000000E+00      0.000000000E+00
     0.000000000E+00      0.000000000E+00
     0.000000000E+00      0.000000000E+00
     0.000000000E+00      0.000000000E+00
     0.000000000E+00      0.000000000E+00
     0.000000000E+00      0.000000000E+00
     0.000000000E+00      0.000000000E+00
     0.000000000E+00      0.000000000E+00
     0.000000000E+00      0.000000000E+00
     0.000000000E+00      0.000000000E+00
     0.000000000E+00      0.000000000E+00
     0.000000000E+00      0.000000000E+00
     0.000000000E+00      0.000000000E+00
     0.000000000E+00      0.000000000E+00
     0.000000000E+00      0.000000000E+00
     0.000000000E+00      0.000000000E+00
     0.000000000E+00      0.000000000E+00
     0.000000000E+00      0.000000000E+00
     0.000000000E+00      0.000000000E+00
     0.000000000E+00      0.000000000E+00
     0.000000000E+00      0.000000000E+00
     0.000000000E+00      0.000000000E+00
     0.000000000E+00      0.000000000E+00
     0.000000000E+00      0.000000000E+00
     0.000000000E+00      0.000000000E+00
     0.000000000E+00      0.000000000E+00
     0.000000000E+00      0.000000000E+00
     0.000000000E+00      0.000000000E+00
     0.000000000E+00      0.000000000E+00
     0.000000000E+00      0.000000000E+00
     3.500000000E+01      0.000000000E+00
     0.000000000E+00      0.000000000E+00
     0.000000000E+00      0.000000000E+00
     0.000000000E+00      0.000000000E+00
     0.000000000E+00      0.000000000E+00
     0.000000000E+00      0.000000000E+00
     0.000000000E+00      0.000000000E+00
     0.000000000E+00      0.000000000E+00
     1.000000000E+00      0.000000000E+00
     0.000000000E+00      0.000000000E+00
     0.000000000E+00      0.000000000E+00
     0.000000000E+00      0.000000000E+00
     0.000000000E+00      0.000000000E+00
     0.000000000E+00      0.000000000E+00
     0.000000000E+00      0.000000000E+00
     0.000000000E+00      0.000000000E+00
     0.000000000E+00      0.000000000E+00
     0.000000000E+00      0.000000000E+00
     0.000000000E+00      0.000000000E+00
     0.000000000E+00      0.000000000E+00
     0.000000000E+00      0.000000000E+00
     0.000000000E+00      0.000000000E+00
     0.000000000E+00      0.000000000E+00
     0.000000000E+00      0.000000000E+00
     0.000000000E+00      0.000000000E+00
     0.000000000E+00      0.000000000E+00
     0.000000000E+00      0.000000000E+00
     0.000000000E+00      0.000000000E+00
     0.000000000E+00      0.000000000E+00
     0.000000000E+00      0.000000000E+00
     0.000000000E+00      0.000000000E+00
     0.000000000E+00      0.000000000E+00
     0.000000000E+00      0.000000000E+00
     0.000000000E+00      0.000000000E+00
     0.000000000E+00      0.000000000E+00
     0.000000000E+00      0.000000000E+00
     0.000000000E+00      0.000000000E+00
     0.000000000E+00      0.000000000E+00
     0.000000000E+00      0.000000000E+00
     0.000000000E+00      0.000000000E+00
     0.000000000E+00      0.000000000E+00
     3.500000000E+01      0.000000000E+00
     0.000000000E+00      0.000000000E+00
     0.000000000E+00      0.000000000E+00
     0.000000000E+00      0.000000000E+00
     0.000000000E+00      0.000000000E+00
     0.000000000E+00      0.000000000E+00
     0.000000000E+00      0.000000000E+00
     0.000000000E+00      0.000000000E+00
     1.000000000E+00      0.000000000E+00
